0.02095489115761784
0.22969097197951205
0.8042597216841144
0.9113189463631223
0.7319396256127579
0.7676762901866365
0.7724057935185539
0.5999417794075517
0.9274843182559548
0.8471537367377298
0.196316416701674
0.4334192162992928
0.9255451396085176
0.4114750376579299
0.529859878077821
0.4544000309161893
0.12993272387255517
0.5398851404691404
0.45071278455651576
0.33229931189587536
0.9388628089366743
0.9228218143011314
0.2213648407611627
0.6287483705082506
0.8561523211579302
0.386944675231234
0.5788341088837797
0.07616784627520268
0.5765757213829973
0.5570821962573188
0.5110332541404826
0.7813604599408975
0.2475603189496104
0.4620121508921534
0.34901662887539264
0.2513700386473232
0.07131390924964986
0.3919671160231991
0.7068768229218977
0.4054561861997591
0.9046416351926494
0.5979837327358533
0.9348487291949711
0.28488477706359117
0.5381231123153783
0.48669044119795135
0.9162180197613491
0.0013362964496574925
0.8919853082174242
0.8088554387104172
0.2349197799610554
0.575085753328346
0.4529202075691553
0.9659926171842108
0.9682527708013914
0.7057091008351057
0.8942606973752697
0.9665506762987607
0.6179230135284693
0.19092300138478469
0.9713419727751654
0.751685994560172
0.9826701548385066
0.6632659711900956
0.46454005999609893
0.5803476725593442
0.09701867951127974
0.549681084809452
0.15439285627451682
0.9143785682510083
0.7132354562846104
0.6756613094595412
0.5563733801017076
0.7765634592725104
0.18736369341379688
0.7334703466878368
0.41729863614840335
0.8680320397892268
0.0452430201198355
0.9130538852552499
0.7810221028941416
0.8261502145860037
0.950713983060188
0.3546070130200847
0.767971544290553
0.8800108180334494
0.27574472000903627
0.7233652387005279
0.08125759829876122
0.8178606901505149
0.9810059642559821
0.13003903231589276
0.6514937757665918
0.6192777578765287
0.05546080815406629
0.824411623303199
0.7631309703284764
0.3246385772928697
0.33482310400287707
0.57497337547237
